2025-07-09 19:19:48 Final generation results are following: 
 Independent Variables: [ 0.970407, 0.773298, 0.47294, 0.373303, 0.0820586, 0.675196, 0.952694, 0.370006, 0.517728, 0.603783, 0.793128, 0.543117, 0.759725, 0.862668, 0.357955, ]
2025-07-09 19:19:48 Inference 25 Error: 1.68431e-05 Coefficients: [ 2.81322, 2.86518, 2.01124, 2.92127, 0.360441, 3.36897, 2.6274, 1.42571, 2.3865, 2.06499, 3.88626, 2.14219, 3.1775, 3.41928, 1.63676, ]
2025-07-09 19:19:48 Inference 25.0002 Error: -0.000152333 Coefficients: [ 2.34099, 3.21505, 1.40797, 2.31878, 1.60571, 3.33792, 3.10246, 2.40766, 2.42126, 1.46805, 3.08146, 2.01289, 3.90282, 3.88793, 1.34789, ]
2025-07-09 19:19:48 Inference 25.0004 Error: -0.000395235 Coefficients: [ 2.38905, 2.4483, 1.14974, 2.40889, 0.958295, 2.9676, 3.42132, 3.45967, 1.9058, 3.53581, 3.03405, 1.83951, 4.11386, 2.97874, 1.40178, ]
2025-07-09 19:19:48 Inference 24.9993 Error: 0.000652802 Coefficients: [ 2.78807, 1.88096, 1.72377, 1.66669, 1.11695, 2.03639, 3.31283, 2.54426, 4.10498, 3.39807, 3.91414, 3.0389, 3.17073, 2.18645, 1.7063, ]
2025-07-09 19:19:48 Inference 24.9993 Error: 0.000705836 Coefficients: [ 3.03562, 2.58575, 2.24537, 1.50638, 1.47236, 2.40538, 3.82419, 1.61407, 2.56095, 3.41188, 2.38521, 2.65235, 3.71039, 2.37641, 2.3945, ]
2025-07-09 19:19:48 Inference 25.0009 Error: -0.00087019 Coefficients: [ 2.70555, 2.76613, 2.11479, 1.31976, 0.526811, 2.69162, 3.44073, 2.15913, 4.10498, 4.1141, 2.6827, 2.01171, 3.08866, 2.27664, 1.86038, ]
2025-07-09 19:19:48 Inference 25.0009 Error: -0.000935352 Coefficients: [ 2.97169, 3.0583, 2.20395, 2.90729, 0.541019, 2.47555, 2.83868, 2.41548, 2.44034, 3.0587, 3.17016, 2.25726, 3.52973, 2.35272, 2.09187, ]
2025-07-09 19:19:48 Inference 24.9989 Error: 0.00106955 Coefficients: [ 2.26466, 3.58299, 2.2743, 1.52716, 1.99591, 3.19856, 2.38488, 2.77282, 2.16565, 4.07048, 2.09773, 1.76277, 3.91706, 3.29752, 2.0751, ]
2025-07-09 19:19:48 Inference 25.0014 Error: -0.00137525 Coefficients: [ 2.70498, 3.50854, 2.01124, 2.47915, 1.29497, 3.12825, 3.00064, 2.26144, 2.05663, 2.36203, 3.51937, 2.67196, 3.43258, 2.3711, 1.35777, ]
2025-07-09 19:19:48 Inference 25.0022 Error: -0.00218232 Coefficients: [ 2.90704, 3.26538, 2.89961, 2.49798, 0.751496, 2.3074, 3.54557, 0.947062, 2.55686, 2.88575, 2.51464, 2.79979, 2.67842, 3.02079, 2.18565, ]
2025-07-09 19:19:48 Inference 25.0026 Error: -0.0026029 Coefficients: [ 2.65485, 2.86688, 2.48889, 1.41466, 0.647979, 2.23523, 2.79046, 2.52961, 2.68619, 3.69925, 3.99375, 2.10267, 3.74863, 2.18702, 1.89672, ]
2025-07-09 19:19:48 Inference 25.0027 Error: -0.00265167 Coefficients: [ 2.96238, 3.01716, 1.61222, 1.90791, 0.327903, 2.72874, 4.38221, 3.26959, 1.12227, 2.74494, 2.54109, 3.46676, 3.56672, 1.87812, 1.67474, ]
2025-07-09 19:19:48 Inference 25.0028 Error: -0.00281196 Coefficients: [ 2.82869, 3.0542, 2.23537, 1.70391, 0.513194, 2.94699, 3.16377, 1.71491, 2.61071, 3.76728, 2.66872, 2.50632, 3.72395, 2.27995, 1.73787, ]
2025-07-09 19:19:48 Inference 24.9968 Error: 0.0031586 Coefficients: [ 2.27884, 2.37337, 1.28209, 3.97727, 0.343858, 3.40311, 3.41065, 2.01948, 1.9544, 3.30874, 2.5545, 2.69586, 4.02491, 3.07742, 0.905413, ]
2025-07-09 19:19:48 Inference 25.0032 Error: -0.00322041 Coefficients: [ 2.90217, 3.31836, 1.62759, 1.70391, 0.726977, 2.52709, 2.61016, 2.26111, 2.61641, 4.06462, 3.20011, 2.51704, 3.62066, 2.43103, 1.57571, ]
2025-07-09 19:19:48 Inference 24.9967 Error: 0.00325027 Coefficients: [ 3.29495, 3.58153, 1.15763, 2.14211, 2.117, 3.54215, 3.06952, 2.15966, 2.28786, 2.37995, 2.54472, 3.56231, 2.77138, 2.7715, 0.902202, ]
2025-07-09 19:19:48 Inference 24.9966 Error: 0.00336658 Coefficients: [ 3.56144, 2.28864, 3.23706, 2.2217, 0.786028, 2.88748, 3.12662, 2.38065, 2.76583, 3.02351, 2.31949, 2.04887, 3.92785, 2.20147, 1.23942, ]
2025-07-09 19:19:48 Inference 25.0035 Error: -0.0035357 Coefficients: [ 3.28931, 1.88594, 2.01215, 1.50825, 0.697727, 3.34255, 3.01092, 2.43216, 1.91049, 3.5124, 2.83592, 2.79422, 3.68695, 3.05384, 1.23975, ]
2025-07-09 19:19:48 Inference 24.9964 Error: 0.00356139 Coefficients: [ 2.65939, 2.48956, 1.99081, 2.05669, 0.658315, 3.04678, 4.46281, 2.53219, 1.8876, 1.58065, 2.3465, 3.20224, 2.99847, 3.61164, 1.55304, ]
2025-07-09 19:19:48 Inference 24.9962 Error: 0.00384371 Coefficients: [ 2.1393, 3.73748, 2.84655, 2.3582, 2.0286, 3.2559, 3.17651, 2.05072, 3.36843, 2.49195, 2.93346, 1.42867, 2.86579, 3.0419, 1.39994, ]
